501.918116,-0.018112,2.318359,-0.706375
501.928087,-0.090561,1.611984,-0.289795
501.938139,-0.072449,1.086731,-0.217346
501.948164,-0.054337,0.760712,-0.144897
501.958277,0.018112,0.561478,-0.072449
501.968293,0.108673,0.543365,-0.072449
501.978446,0.144897,0.507141,-0.271683
501.988638,0.163010,0.543365,-0.452805
501.998455,0.126785,0.778824,-0.597702
502.008664,0.108673,1.195404,-0.416580
502.018715,0.108673,1.322189,-0.253571
502.028724,0.126785,1.376526,-0.199234
502.038821,0.126785,1.322189,-0.144897
502.048748,0.072449,1.231628,-0.163010
502.058963,-0.018112,1.086731,-0.163010
502.069141,-0.072449,0.941833,-0.199234
502.079047,-0.144897,0.815048,-0.217346
502.089139,-0.163010,0.778824,-0.199234
502.099043,-0.163010,0.796936,-0.163010
502.109239,-0.126785,0.905609,-0.199234
502.119452,-0.144897,1.304077,-0.217346
502.129399,-0.163010,1.521423,-0.271683
502.139482,-0.199234,1.177292,-0.217346
502.149420,-0.217346,0.959946,-0.163010
502.159583,-0.235458,0.905609,-0.126785
502.169772,-0.253571,0.887497,-0.126785
502.179710,-0.271683,0.851273,-0.126785
502.189788,-0.289795,0.796936,-0.090561
502.199733,-0.307907,0.778824,-0.090561
502.209891,-0.344131,0.742599,-0.108673
502.219937,-0.307907,0.742599,-0.108673
502.230009,-0.253571,0.778824,-0.144897
502.240097,-0.163010,0.869385,-0.144897
502.250032,-0.072449,0.923721,-0.144897
502.260195,0.018112,0.959946,-0.181122
502.270262,0.072449,1.014282,-0.235458
502.280207,0.126785,0.996170,-0.253571
502.291198,0.072449,0.887497,-0.271683
502.301333,-0.054337,0.815048,-0.307907
502.311507,-0.181122,0.833160,-0.307907
502.321656,-0.289795,0.905609,-0.289795
502.331743,-0.344131,1.050507,-0.235458
502.341953,-0.362244,1.213516,-0.217346
502.352195,-0.344131,1.322189,-0.199234
502.362275,-0.235458,1.394638,-0.163010
502.372398,-0.181122,1.394638,-0.181122
502.382546,-0.144897,1.322189,-0.199234
502.392715,-0.108673,1.213516,-0.163010
502.402438,-0.108673,1.267853,-0.126785
502.412066,-0.108673,1.340302,-0.090561
502.422150,-0.072449,1.412750,-0.054337
502.432208,0.018112,1.521423,-0.036224
502.442349,0.090561,1.630096,0.018112
502.452382,0.108673,1.611984,0.054337
502.463469,-0.090561,1.557648,0.090561
502.473493,-0.362244,1.702545,0.144897
502.483604,-0.507141,1.684433,0.181122
502.493750,-0.543365,1.467087,0.199234
502.503899,-0.452805,1.267853,0.199234
502.513930,-0.181122,1.141068,0.090561
502.524273,0.000000,1.086731,-0.018112
502.534390,0.090561,1.032394,-0.090561
502.544536,0.108673,1.050507,-0.144897
502.554672,0.108673,1.122955,-0.199234
502.564816,0.108673,1.304077,-0.289795
502.574967,0.072449,1.358414,-0.344131
502.585137,-0.018112,1.340302,-0.434692
502.594404,-0.054337,1.358414,-0.489029
502.605381,-0.018112,1.394638,-0.489029
502.615499,0.090561,1.340302,-0.434692
502.625603,0.126785,1.267853,-0.289795
502.635726,0.126785,1.195404,-0.144897
502.645883,0.199234,1.213516,-0.090561
502.656029,0.271683,1.358414,0.036224
502.666159,0.326019,1.503311,0.362244
502.676323,0.253571,1.430862,0.597702
502.686511,0.163010,1.195404,0.597702
502.696582,0.054337,0.996170,0.597702
502.706842,-0.072449,0.851273,0.489029
502.716973,-0.181122,0.833160,0.326019
502.727169,-0.416580,1.032394,-0.434692
502.737296,-0.344131,1.177292,-0.452805
502.747347,-0.163010,1.014282,-0.434692
502.757498,-0.018112,0.941833,-0.561478
502.767635,0.235458,0.724487,-0.561478
502.777793,0.398468,0.561478,-0.344131
502.787936,0.416580,0.470917,-0.271683
502.798069,0.416580,0.489029,-0.217346
502.808269,0.398468,0.507141,-0.144897
502.818386,0.344131,0.470917,-0.090561
502.828615,0.271683,0.470917,-0.144897
502.838747,0.144897,0.507141,-0.235458
502.848788,0.054337,0.561478,-0.362244
502.858935,-0.036224,0.579590,-0.380356
502.869084,-0.018112,0.561478,-0.380356
502.879227,0.090561,0.470917,-0.434692
502.889369,0.199234,0.326019,-0.398468
502.898978,0.217346,0.289795,-0.416580
502.908754,0.217346,0.181122,-0.470917
502.919520,0.344131,0.054337,-0.633926
502.928941,0.452805,0.181122,-0.905609
502.939794,0.434692,0.380356,-1.159180
502.949703,0.344131,0.525253,-1.285965
502.959990,0.271683,0.543365,-1.086731
502.970109,0.253571,0.416580,-0.597702
502.980235,0.326019,0.235458,-0.090561
502.990370,0.561478,0.036224,-0.108673
503.000499,0.815048,-0.054337,-0.398468
503.010710,1.086731,-0.054337,-0.670151
503.020898,1.285965,0.271683,-1.050507
503.031080,1.195404,0.706375,-1.485199
503.041674,0.307907,1.557648,-1.919891
503.051404,-0.525253,2.209686,-1.285965
503.061555,-0.633926,2.046677,-0.217346
503.071708,-0.307907,1.503311,-0.126785
503.081850,0.018112,1.195404,-0.489029
503.092030,0.289795,0.959946,-0.344131
503.102215,0.543365,0.489029,-0.289795
503.112351,0.597702,0.416580,-0.344131
503.122475,0.561478,0.434692,-0.380356
503.132590,0.434692,0.416580,-0.452805
503.142772,0.289795,0.525253,-0.416580
503.152898,0.163010,0.724487,-0.326019
503.163020,0.072449,0.959946,-0.235458
503.173170,-0.036224,1.195404,-0.181122
503.183366,-0.090561,1.358414,-0.181122
503.193482,-0.126785,1.430862,-0.217346
503.203624,-0.108673,1.376526,-0.253571
503.213825,-0.126785,1.213516,-0.253571
503.223878,-0.126785,1.068619,-0.235458
503.233926,-0.144897,0.959946,-0.181122
503.244246,-0.163010,0.887497,-0.181122
503.254466,-0.163010,0.887497,-0.144897
503.264522,-0.199234,0.887497,-0.181122
503.274724,-0.181122,0.996170,-0.199234
503.284856,-0.108673,1.068619,-0.235458
503.294975,-0.072449,1.285965,-0.253571
503.305120,-0.072449,1.448975,-0.271683
503.315310,-0.163010,1.122955,-0.199234
503.325445,-0.217346,0.959946,-0.144897
503.335556,-0.235458,0.905609,-0.126785
503.345695,-0.253571,0.851273,-0.072449
503.355837,-0.271683,0.815048,-0.090561
503.365980,-0.271683,0.796936,-0.090561
503.376120,-0.253571,0.815048,-0.090561
503.386268,-0.181122,0.887497,-0.126785
503.396406,-0.090561,0.959946,-0.181122
503.406186,0.018112,0.923721,-0.199234
503.416192,0.108673,0.869385,-0.217346
503.426008,0.181122,0.887497,-0.217346
503.436039,0.199234,0.996170,-0.271683
503.446868,0.181122,1.104843,-0.307907
503.457063,0.054337,1.159180,-0.307907
503.467229,-0.018112,1.213516,-0.326019
503.477448,-0.090561,1.231628,-0.344131
503.487475,-0.144897,1.267853,-0.307907
503.497619,-0.163010,1.267853,-0.271683
503.507754,-0.163010,1.340302,-0.253571
503.517954,-0.181122,1.448975,-0.235458
503.528082,-0.163010,1.521423,-0.217346
503.538257,-0.144897,1.539536,-0.199234
503.548341,-0.126785,1.521423,-0.217346
503.558470,-0.054337,1.557648,-0.217346
503.568625,0.018112,1.720657,-0.217346
503.578761,0.054337,1.774994,-0.181122
503.588905,0.090561,1.557648,-0.144897
503.599060,0.018112,1.249741,-0.126785
503.609200,-0.163010,1.104843,-0.090561
503.619384,-0.253571,1.086731,-0.018112
503.629626,-0.199234,1.322189,0.036224
503.639753,-0.036224,1.340302,0.018112
503.649795,0.108673,1.376526,-0.054337
503.659940,0.181122,1.485199,-0.072449
503.670169,0.217346,1.539536,-0.163010
503.680208,0.253571,1.557648,-0.217346
503.690367,0.217346,1.430862,-0.271683
503.700516,0.163010,1.285965,-0.307907
503.710650,0.307907,1.213516,-0.253571
503.720843,0.362244,1.050507,-0.090561
503.730991,0.307907,1.050507,0.072449
503.741120,0.307907,1.104843,0.090561
503.751249,0.307907,1.231628,0.217346
503.761402,0.253571,1.231628,0.344131
503.771554,0.163010,1.159180,0.398468
503.781677,0.126785,1.122955,0.452805
503.791846,-0.018112,1.122955,0.199234
503.802042,-0.561478,1.611984,-1.249741
503.812196,-0.398468,1.630096,-1.050507
503.822359,-0.307907,1.322189,-0.652039
503.832489,-0.199234,0.941833,-0.561478
503.842613,-0.018112,0.615814,-0.362244
503.852871,0.108673,0.507141,-0.126785
503.862924,0.181122,0.470917,0.054337
503.873073,0.199234,0.470917,0.072449
503.883248,0.235458,0.398468,0.108673
503.893375,0.217346,0.344131,0.072449
503.903095,0.271683,0.307907,0.036224
503.913988,0.362244,0.326019,-0.126785
503.923264,0.380356,0.380356,-0.344131
503.933303,0.362244,0.398468,-0.416580
503.944263,0.271683,0.470917,-0.380356
503.954438,0.181122,0.525253,-0.398468
503.964769,0.181122,0.525253,-0.344131
503.974761,0.199234,0.452805,-0.253571
503.984876,0.217346,0.235458,-0.289795
503.995036,0.199234,0.090561,-0.380356
504.005166,0.126785,0.000000,-0.525253
504.015287,0.163010,0.054337,-0.633926
504.025371,0.199234,0.144897,-0.688263
504.035713,0.253571,0.253571,-0.724487
504.045774,0.326019,0.271683,-0.851273
504.055888,0.398468,0.253571,-0.978058
504.066020,0.470917,0.235458,-1.104843
504.076132,0.489029,0.271683,-1.177292
504.086278,0.452805,0.271683,-0.978058
504.096420,0.380356,0.217346,-0.615814
504.106567,0.326019,0.072449,-0.344131
504.116709,0.362244,-0.090561,-0.434692
504.126896,0.561478,0.036224,-0.670151
504.137029,0.778824,0.543365,-1.756882
504.147146,0.362244,2.318359,-2.191574
504.157333,0.235458,2.318359,-1.340302
504.167769,0.235458,2.318359,-0.615814
504.179567,0.181122,1.285965,-0.326019
504.189700,0.199234,0.597702,-0.126785
504.199838,0.271683,0.235458,0.054337
504.209970,0.362244,0.090561,0.090561
504.220103,0.326019,0.054337,0.054337
504.230218,0.289795,0.090561,-0.036224
504.240441,0.235458,0.163010,-0.072449
504.250494,0.235458,0.253571,-0.108673
504.260635,0.271683,0.416580,-0.217346
504.270779,0.253571,0.778824,-0.344131
504.280931,0.271683,1.195404,-0.416580
504.291071,0.289795,1.648209,-0.434692
504.301223,0.217346,1.648209,-0.362244
504.311383,0.108673,1.503311,-0.289795
504.321519,0.018112,1.340302,-0.199234
504.331705,-0.090561,1.141068,-0.126785
504.341843,-0.163010,0.996170,-0.072449
504.352032,-0.199234,0.905609,-0.072449
504.362187,-0.235458,0.887497,-0.072449
504.372370,-0.217346,0.923721,-0.036224
504.382489,-0.253571,0.959946,-0.072449
504.392641,-0.253571,1.014282,-0.090561
504.402336,-0.253571,1.177292,-0.108673
504.412687,-0.253571,1.104843,-0.108673
504.422235,-0.253571,0.923721,-0.126785
504.432227,-0.235458,0.815048,-0.126785
504.443116,-0.253571,0.833160,-0.108673
504.453323,-0.271683,0.796936,-0.090561
504.463623,-0.289795,0.778824,-0.126785
504.473622,-0.271683,0.869385,-0.163010
504.483748,-0.199234,0.978058,-0.144897
504.493846,-0.126785,1.032394,-0.144897
504.503905,-0.090561,1.032394,-0.163010
504.514267,-0.036224,1.014282,-0.181122
504.524405,0.018112,0.996170,-0.181122
504.534592,0.054337,0.959946,-0.181122
504.544722,0.054337,0.941833,-0.181122
504.554855,0.090561,0.923721,-0.144897
504.564977,0.126785,0.923721,-0.163010
504.575418,0.144897,0.905609,-0.163010
504.585248,0.126785,0.941833,-0.181122
504.595377,0.072449,0.996170,-0.199234
504.605499,-0.072449,1.050507,-0.235458
504.615638,-0.199234,1.086731,-0.271683
504.625761,-0.271683,1.159180,-0.307907
504.635962,-0.326019,1.340302,-0.362244
504.646094,-0.398468,1.448975,-0.344131
504.656209,-0.416580,1.575760,-0.289795
504.666330,-0.362244,1.756882,-0.235458
504.676474,-0.271683,1.919891,-0.181122
504.686487,-0.181122,1.865555,-0.163010
504.696845,-0.163010,1.630096,-0.108673
504.706990,-0.235458,1.521423,-0.072449
504.717128,-0.289795,1.593872,0.090561
504.727352,-0.289795,1.593872,0.199234
504.737451,-0.181122,1.448975,0.253571
504.747566,0.090561,1.376526,0.235458
504.757721,0.217346,1.231628,0.199234
504.767846,0.307907,1.122955,0.090561
504.777992,0.307907,1.086731,-0.036224
504.788137,0.362244,1.141068,-0.126785
504.798269,0.434692,1.267853,-0.217346
504.808439,0.434692,1.267853,-0.434692
504.818570,0.217346,1.340302,-0.543365
504.828703,0.199234,1.376526,-0.597702
504.838907,0.199234,1.304077,-0.579590
504.849061,0.181122,1.213516,-0.507141
504.859168,0.235458,1.249741,-0.398468
504.869304,0.326019,1.304077,-0.253571
504.879446,0.470917,1.394638,-0.054337
504.889588,0.489029,1.521423,0.181122
504.899195,0.344131,1.557648,0.362244
504.908974,0.126785,1.376526,0.307907
504.919282,-0.018112,1.267853,0.090561
504.929165,-0.181122,1.340302,-0.362244
504.940105,-0.235458,1.503311,-0.815048
504.950073,-0.181122,1.485199,-0.778824
504.960303,-0.054337,1.340302,-0.398468
504.970434,0.072449,1.159180,-0.126785
504.980548,0.235458,0.959946,-0.018112
504.990684,0.362244,0.470917,-0.090561
505.000827,0.452805,0.307907,-0.036224
505.010978,0.416580,0.289795,0.036224
505.021126,0.344131,0.326019,0.018112
505.031557,0.217346,0.344131,-0.163010
505.041760,0.090561,0.344131,-0.271683
505.051936,-0.072449,0.362244,-0.307907
505.062099,-0.181122,0.452805,-0.289795
505.072237,-0.108673,0.452805,-0.271683
505.082371,0.036224,0.416580,-0.253571
505.092493,0.090561,0.398468,-0.144897
505.102677,0.108673,0.380356,-0.163010
505.112831,0.054337,0.289795,-0.108673
505.122955,0.072449,0.126785,-0.181122
505.133080,0.054337,-0.018112,-0.289795
505.143443,-0.018112,-0.163010,-0.344131
505.153366,-0.072449,-0.217346,-0.489029
505.163543,0.018112,-0.307907,-0.579590
505.173672,0.144897,-0.235458,-0.615814
505.183798,0.271683,-0.163010,-0.633926
505.193872,0.307907,-0.090561,-0.688263
505.203941,0.362244,-0.018112,-0.724487
505.214278,0.380356,0.144897,-0.815048
505.224399,0.561478,0.163010,-0.815048
505.234543,0.633926,0.217346,-0.887497
505.244733,0.706375,0.344131,-0.978058
505.254999,0.815048,0.380356,-1.014282
505.264984,0.833160,0.470917,-1.068619
505.275127,1.032394,0.470917,-1.195404
505.285258,1.141068,0.507141,-1.213516
505.295406,1.032394,0.579590,-1.267853
505.305601,1.014282,0.670151,-1.267853
505.315734,1.032394,0.706375,-1.285965
505.325855,1.159180,0.778824,-1.485199
505.335982,1.394638,1.376526,-1.014282
505.346169,1.141068,1.104843,-0.760712
505.356297,0.978058,0.362244,-0.615814
505.366434,0.724487,-0.090561,-0.344131
505.376571,0.760712,-0.670151,-0.253571
505.386698,0.724487,-0.869385,-0.054337
505.396839,0.633926,-0.525253,-0.108673
505.406612,0.434692,0.054337,-0.253571
505.416768,0.344131,0.670151,-0.543365
505.426442,0.398468,1.068619,-0.796936
505.436473,0.525253,1.122955,-0.561478
505.447322,0.633926,0.869385,-0.362244
505.456908,0.688263,0.633926,-0.289795
505.466617,0.615814,0.525253,-0.307907
505.477691,0.525253,0.489029,-0.416580
505.487757,0.416580,0.561478,-0.416580
505.497875,0.307907,0.688263,-0.344131
505.508027,0.181122,0.833160,-0.199234
505.518170,-0.036224,1.086731,-0.181122
505.528305,-0.090561,1.104843,-0.199234
505.538438,-0.090561,1.068619,-0.199234
505.548626,-0.072449,1.014282,-0.181122
505.558780,0.054337,1.050507,-0.163010
505.568901,0.163010,1.104843,-0.144897
505.579035,0.253571,1.104843,-0.181122
505.589162,0.344131,1.104843,-0.199234
505.599316,0.434692,1.159180,-0.235458
505.609452,0.543365,1.213516,-0.235458
505.619599,0.525253,1.122955,-0.271683
505.629840,0.470917,1.014282,-0.253571
505.639885,0.434692,0.996170,-0.235458
505.650095,0.380356,0.978058,-0.217346
505.660230,0.344131,0.978058,-0.217346
505.670343,0.271683,0.941833,-0.181122
505.680494,0.217346,0.923721,-0.163010
505.690653,0.108673,0.923721,-0.144897
505.700800,0.090561,0.923721,-0.181122
505.710945,0.126785,0.905609,-0.144897
505.721072,0.072449,0.905609,-0.126785
505.731226,-0.108673,0.887497,-0.054337
505.741474,-0.253571,0.959946,-0.018112
505.751565,-0.362244,1.104843,0.054337
505.761716,-0.470917,1.340302,0.126785
505.771849,-0.543365,1.376526,0.217346
505.782036,-0.597702,1.141068,0.253571
505.792198,-0.579590,0.905609,0.253571
505.802341,-0.507141,0.851273,0.181122
505.812469,-0.398468,0.869385,0.090561
505.822614,-0.271683,0.833160,-0.163010
505.832784,-0.072449,0.869385,-0.307907
505.843097,0.054337,0.923721,-0.326019
505.853385,0.090561,0.905609,-0.326019
505.863436,0.163010,0.887497,-0.253571
505.873580,0.090561,0.887497,-0.144897
505.883737,-0.036224,0.923721,-0.018112
505.893784,-0.054337,0.978058,0.036224
505.903463,-0.018112,0.941833,-0.054337
505.914093,-0.018112,0.851273,-0.126785
505.923377,-0.163010,0.851273,-0.126785
505.933405,-0.289795,0.905609,-0.108673
505.944249,-0.362244,0.959946,-0.126785
505.954441,-0.434692,0.923721,-0.199234
505.964908,-0.525253,0.851273,-0.326019
505.974748,-0.633926,0.869385,-0.452805
505.984906,-0.742599,0.996170,-0.507141
505.995034,-0.778824,1.141068,-0.470917
506.005174,-0.742599,1.231628,-0.416580
506.015295,-0.615814,1.285965,-0.344131
506.025137,-0.489029,1.322189,-0.289795
506.035724,-0.090561,1.539536,0.036224
506.046118,0.163010,1.593872,0.144897
506.056220,0.307907,1.557648,0.235458
506.066004,0.344131,1.485199,0.253571
506.076119,0.253571,1.430862,0.181122
506.086251,0.054337,1.430862,0.090561
506.096386,-0.054337,1.448975,-0.018112
506.106534,-0.036224,1.467087,-0.036224
506.116677,0.018112,1.521423,-0.018112
506.126830,0.036224,1.666321,0.072449
506.136954,0.072449,1.793106,0.108673
506.147087,0.199234,1.829330,0.144897
506.157296,0.344131,1.847443,0.126785
506.167414,0.688263,1.919891,0.144897
506.177534,1.014282,1.919891,0.181122
506.187678,1.086731,1.793106,0.235458
506.197815,1.195404,1.684433,0.217346
506.207954,1.068619,1.159180,0.163010
506.218093,0.796936,0.941833,0.144897
506.228351,0.706375,0.796936,0.072449
506.238401,0.652039,0.688263,-0.090561
506.248550,0.597702,0.579590,-0.217346
506.258715,0.561478,0.470917,-0.344131
506.268854,0.597702,0.489029,-0.543365
506.278986,0.561478,0.489029,-0.778824
506.289119,0.380356,0.579590,-0.941833
506.299253,0.199234,0.652039,-0.923721
506.309392,0.054337,0.778824,-0.778824
506.319532,-0.090561,0.887497,-0.470917
506.329686,-0.108673,0.941833,-0.090561
506.339812,-0.054337,0.815048,0.163010
506.349950,0.126785,0.670151,0.163010
506.360159,0.289795,0.525253,-0.018112
506.370294,0.362244,0.434692,-0.217346
506.380407,0.362244,0.289795,-0.507141
506.390529,0.470917,0.072449,-0.543365
506.400236,0.434692,-0.054337,-0.470917
506.409984,0.434692,-0.090561,-0.416580
506.420202,0.398468,-0.090561,-0.344131
506.430201,0.344131,-0.072449,-0.362244
506.441013,0.380356,-0.018112,-0.416580
506.451188,0.398468,0.054337,-0.434692
506.461362,0.416580,0.108673,-0.452805
506.471535,0.416580,0.126785,-0.452805
506.481641,0.452805,0.126785,-0.452805
506.491786,0.434692,0.108673,-0.489029
506.501937,0.489029,0.144897,-0.615814
506.512137,0.525253,0.199234,-0.760712
506.522274,0.615814,0.253571,-0.887497
506.532424,0.688263,0.307907,-0.905609
506.542672,0.724487,0.344131,-0.833160
506.552740,0.724487,0.362244,-0.851273
506.562915,0.670151,0.362244,-0.978058
506.573066,0.760712,0.344131,-0.869385
506.583248,1.014282,0.452805,-0.778824
506.593357,0.905609,0.434692,-0.724487
506.603534,1.050507,0.489029,-0.815048
506.613659,1.141068,0.615814,-0.905609
506.623801,1.394638,0.615814,-1.050507
506.633890,1.503311,0.652039,-1.014282
506.644248,1.702545,0.688263,-0.978058
506.654378,1.956116,0.670151,-1.032394
506.664169,1.901779,0.688263,-0.941833
506.674704,1.774994,0.416580,-0.670151
506.684839,1.267853,-0.181122,-0.163010
506.694955,0.923721,-0.724487,0.235458
506.705083,0.724487,-0.543365,0.217346
506.715229,0.452805,-0.144897,-0.054337
506.725350,0.326019,0.362244,-0.489029
506.735499,0.670151,1.213516,-0.633926
506.745637,0.706375,1.304077,-0.724487
506.755864,0.597702,1.285965,-0.815048
506.766018,0.579590,1.231628,-0.833160
506.776126,0.597702,1.086731,-0.579590
506.786255,0.615814,0.959946,-0.326019
506.796377,0.507141,0.923721,-0.253571
506.806534,0.362244,0.959946,-0.289795
506.816673,0.163010,1.014282,-0.271683
506.826793,-0.036224,1.068619,-0.235458
506.836948,-0.235458,1.068619,-0.199234
506.847081,-0.362244,1.068619,-0.163010
506.857247,-0.416580,1.032394,-0.163010
506.867430,-0.434692,1.014282,-0.181122
506.877567,-0.380356,1.032394,-0.217346
506.887679,-0.289795,1.050507,-0.253571
506.897716,-0.181122,1.014282,-0.253571
506.907373,0.054337,0.887497,-0.235458
506.917645,0.090561,0.815048,-0.253571
506.927305,0.108673,0.796936,-0.235458
506.937470,0.144897,0.760712,-0.253571
506.948109,0.126785,0.706375,-0.253571
506.958475,0.144897,0.670151,-0.253571
506.968670,0.126785,0.652039,-0.235458
506.978849,0.108673,0.633926,-0.307907
506.988905,0.036224,0.633926,-0.362244
506.999040,-0.036224,0.688263,-0.398468
507.009178,-0.144897,0.833160,-0.452805
507.019318,-0.217346,1.032394,-0.507141
507.029449,-0.271683,1.195404,-0.525253
507.039603,-0.307907,1.304077,-0.470917
507.049732,-0.307907,1.231628,-0.380356
507.059877,-0.253571,1.086731,-0.326019
507.070089,-0.163010,0.996170,-0.271683
507.080222,-0.090561,0.978058,-0.144897
507.090355,-0.036224,0.851273,-0.090561
507.100477,0.018112,0.851273,-0.108673
507.110625,0.054337,0.869385,-0.163010
507.120783,0.108673,0.887497,-0.217346
507.130935,0.108673,0.869385,-0.271683
507.141076,0.072449,0.887497,-0.326019
507.151218,0.000000,0.996170,-0.380356
507.161358,-0.090561,1.213516,-0.398468
507.171718,-0.163010,1.430862,-0.416580
507.181869,-0.199234,1.503311,-0.380356
507.192048,-0.235458,1.485199,-0.362244
507.202202,-0.235458,1.485199,-0.362244
507.212344,-0.199234,1.539536,-0.326019
507.222464,-0.181122,1.539536,-0.326019
507.232852,-0.163010,1.521423,-0.307907
507.242983,-0.090561,1.521423,-0.307907
507.253211,0.126785,1.720657,-0.253571
507.263330,0.090561,1.666321,-0.144897
507.273505,-0.181122,1.630096,-0.018112
507.283644,-0.307907,1.467087,0.126785
507.293784,-0.271683,1.122955,0.199234
507.303840,-0.144897,0.941833,0.253571
507.313899,0.036224,0.959946,0.235458
507.324258,0.126785,1.050507,0.163010
507.334384,0.181122,1.231628,0.108673
507.344607,0.217346,1.394638,0.018112
507.354689,0.398468,1.648209,-0.072449
507.364823,0.489029,1.611984,-0.163010
507.375016,0.344131,1.467087,-0.217346
507.385138,0.326019,1.430862,-0.199234
507.395270,0.398468,1.358414,-0.126785
507.404997,0.398468,1.177292,-0.036224
507.415333,0.362244,0.978058,0.090561
507.424933,0.289795,1.014282,0.144897
507.434964,0.271683,1.231628,0.253571
507.445802,0.181122,1.213516,0.362244
507.455966,0.072449,1.177292,0.398468
507.466098,-0.072449,1.231628,0.144897
507.476408,-0.144897,1.322189,-0.217346
507.486538,-0.181122,1.412750,-0.543365
507.496644,-0.199234,1.448975,-0.670151
507.506791,-0.235458,1.376526,-0.615814
507.516937,-0.217346,1.195404,-0.434692
507.527064,-0.126785,0.905609,-0.271683
507.537204,0.036224,0.652039,-0.144897
507.547354,0.144897,0.452805,-0.018112
507.557514,0.181122,0.380356,0.144897
507.567651,0.217346,0.362244,0.144897
507.577824,0.217346,0.326019,0.090561
507.588014,0.181122,0.307907,0.018112
507.598128,0.163010,0.271683,-0.289795
507.608308,0.108673,0.289795,-0.362244
507.618421,0.126785,0.307907,-0.380356
507.628549,0.144897,0.362244,-0.326019
507.638681,0.181122,0.380356,-0.271683
507.648831,0.235458,0.398468,-0.271683
507.658974,0.271683,0.307907,-0.398468
507.669099,0.289795,0.217346,-0.543365
507.679241,0.271683,0.108673,-0.670151
507.689398,0.253571,0.072449,-0.688263
507.699544,0.289795,0.072449,-0.670151
507.709677,0.271683,0.090561,-0.652039
507.719819,0.253571,0.181122,-0.724487
507.729960,0.253571,0.289795,-0.833160
507.740102,0.271683,0.326019,-0.887497
507.750251,0.307907,0.307907,-0.905609
507.760400,0.344131,0.289795,-0.833160
507.770541,0.470917,0.181122,-0.760712
507.780676,1.195404,0.380356,-0.778824
507.790825,1.557648,0.833160,-0.923721
507.800980,1.304077,1.593872,-1.738770
507.811135,0.416580,2.318359,-1.938004
507.821358,-0.144897,2.318359,-0.887497
507.831617,-0.253571,1.720657,-0.289795
507.841661,-0.163010,1.086731,-0.217346
507.851781,-0.090561,0.778824,-0.199234
507.861947,0.054337,0.615814,-0.036224
507.872116,0.181122,0.525253,0.018112
507.882264,0.289795,0.470917,-0.126785
507.892389,0.307907,0.416580,-0.362244
507.902073,0.271683,0.489029,-0.597702
507.912301,0.253571,0.724487,-0.688263
507.922007,0.253571,1.086731,-0.597702
507.931934,0.253571,1.376526,-0.489029
507.942916,0.199234,1.485199,-0.253571
507.953116,0.072449,1.267853,-0.163010
507.963309,0.018112,1.032394,-0.126785
507.973451,-0.018112,0.869385,-0.126785
507.983556,-0.054337,0.760712,-0.163010
507.993695,-0.072449,0.724487,-0.181122
508.003856,-0.072449,0.724487,-0.217346
508.013924,-0.090561,0.760712,-0.217346
508.024237,-0.072449,0.796936,-0.217346
508.034433,-0.072449,0.796936,-0.253571
508.044620,-0.054337,0.833160,-0.271683
508.054704,-0.090561,0.905609,-0.271683
508.064842,-0.108673,1.014282,-0.307907
508.074981,-0.108673,1.141068,-0.289795
508.085130,-0.163010,1.467087,-0.289795
508.095253,-0.217346,1.485199,-0.253571
508.105404,-0.271683,1.177292,-0.163010
508.115546,-0.307907,0.959946,-0.018112
508.125695,-0.416580,0.724487,0.036224
508.135899,-0.434692,0.742599,0.054337
508.146110,-0.434692,0.742599,0.018112
508.156169,-0.434692,0.760712,-0.054337
508.166290,-0.416580,0.851273,-0.090561
508.176430,-0.326019,0.959946,-0.090561
508.186574,-0.253571,0.959946,-0.072449
508.196713,-0.163010,0.941833,-0.108673
508.206843,-0.054337,0.905609,-0.144897
508.216986,0.054337,0.851273,-0.181122
508.227225,0.144897,0.833160,-0.253571
508.237313,0.235458,0.905609,-0.344131
508.247432,0.307907,1.032394,-0.416580
508.257574,0.362244,1.104843,-0.470917
508.267726,0.344131,1.141068,-0.489029
508.277858,0.271683,1.231628,-0.507141
508.288034,0.054337,1.430862,-0.597702
508.298169,-0.253571,1.575760,-0.561478
508.308296,-0.253571,1.539536,-0.452805
508.318435,-0.217346,1.467087,-0.344131
508.328572,-0.163010,1.503311,-0.253571
508.338763,-0.108673,1.684433,-0.217346
508.348899,-0.090561,1.883667,-0.163010
508.359031,-0.181122,1.847443,-0.108673
508.369164,-0.326019,1.557648,-0.054337
508.379309,-0.416580,1.358414,0.036224
508.389439,-0.452805,1.213516,0.108673
508.399048,-0.416580,1.141068,0.163010
508.408860,-0.163010,1.141068,0.217346
508.419321,0.018112,1.177292,0.181122
508.429006,0.108673,1.213516,0.126785
508.439875,0.126785,1.304077,0.018112
508.449715,0.199234,1.394638,-0.108673
508.460098,0.271683,1.467087,-0.181122
508.470302,0.036224,1.285965,-0.380356
508.480413,-0.108673,1.122955,-0.452805
508.490562,0.036224,1.122955,-0.507141
508.500683,-0.036224,1.050507,-0.597702
508.510844,-0.144897,0.978058,-0.543365
508.520977,-0.108673,0.941833,-0.398468
508.531140,0.108673,1.014282,-0.235458
508.541308,0.253571,1.086731,-0.054337
508.551461,0.326019,1.195404,0.253571
508.561607,0.289795,1.195404,0.416580
508.571743,0.235458,1.195404,0.507141
508.581902,0.054337,1.068619,0.525253
508.592082,-0.036224,0.959946,0.452805
508.602313,-0.181122,1.014282,-0.036224
508.612367,-0.344131,1.249741,-0.706375
508.622512,-0.289795,1.358414,-0.724487
508.632779,-0.199234,1.267853,-0.633926
508.642875,-0.126785,1.086731,-0.633926
508.652998,0.181122,0.742599,-0.307907
508.663146,0.217346,0.633926,-0.126785
508.673306,0.253571,0.543365,0.018112
508.683426,0.307907,0.507141,0.072449
508.693575,0.307907,0.452805,0.036224
508.703737,0.271683,0.470917,-0.108673
508.713792,0.199234,0.489029,-0.289795
508.723845,0.108673,0.561478,-0.362244
508.733918,0.090561,0.633926,-0.380356
508.744309,0.072449,0.652039,-0.307907
508.754516,0.126785,0.615814,-0.289795
508.764563,0.181122,0.507141,-0.307907
508.774712,0.199234,0.416580,-0.326019
508.784863,0.235458,0.380356,-0.344131
508.794997,0.199234,0.326019,-0.326019
508.805135,0.199234,0.163010,-0.398468
508.815281,0.217346,0.000000,-0.561478
508.825407,0.235458,0.090561,-0.579590
508.835564,0.289795,0.144897,-0.615814
508.845805,0.344131,0.181122,-0.688263
508.855885,0.326019,0.144897,-0.796936
508.866024,0.344131,0.126785,-0.869385
508.876161,0.362244,0.108673,-0.959946
508.886296,0.398468,0.090561,-1.122955
508.896430,0.416580,0.072449,-1.322189
508.906191,0.470917,0.108673,-1.448975
508.916210,0.579590,0.271683,-1.485199
508.926032,0.688263,0.597702,-1.304077
508.936069,0.815048,0.905609,-0.978058
508.946989,0.905609,1.014282,-1.050507
508.957105,0.887497,1.213516,-1.159180
508.967221,0.778824,1.467087,-0.978058
508.977400,0.597702,1.340302,-0.489029
508.987423,0.452805,0.996170,-0.362244
508.997553,0.307907,0.760712,-0.507141
509.007702,0.090561,0.688263,-0.452805
509.017851,0.018112,0.742599,-0.326019
509.027972,-0.018112,0.851273,-0.289795
509.038113,-0.018112,0.959946,-0.235458
509.048317,0.090561,1.050507,-0.181122
509.058447,0.126785,1.086731,-0.199234
509.068584,0.126785,1.104843,-0.235458
509.078710,0.108673,1.141068,-0.271683
509.088849,0.090561,1.141068,-0.271683
509.099003,0.126785,1.159180,-0.199234
509.109137,0.144897,1.141068,-0.108673
509.119275,0.126785,1.122955,-0.054337
509.129419,0.108673,1.104843,-0.054337
509.139552,0.036224,1.032394,-0.090561
509.149753,-0.036224,0.996170,-0.126785
509.159880,-0.090561,1.122955,-0.181122
509.170123,-0.126785,1.467087,-0.181122
509.180146,-0.253571,1.141068,-0.108673
509.190292,-0.271683,0.941833,-0.090561
509.200433,-0.253571,0.851273,-0.072449
509.210571,-0.271683,0.796936,-0.054337
509.220705,-0.289795,0.760712,-0.054337
509.230833,-0.271683,0.742599,-0.054337
509.241002,-0.271683,0.796936,-0.072449
509.251184,-0.271683,0.851273,-0.072449
509.261336,-0.253571,0.887497,-0.054337
509.271466,-0.217346,0.905609,-0.072449
509.281602,-0.181122,0.887497,-0.054337
509.291755,-0.126785,0.869385,-0.054337
509.301885,-0.090561,0.887497,-0.054337
509.312091,-0.054337,0.923721,-0.054337
509.322248,-0.018112,0.941833,-0.108673
509.332381,0.036224,0.978058,-0.144897
509.342501,0.054337,1.014282,-0.217346
509.352739,-0.018112,0.996170,-0.253571
509.362865,-0.036224,0.996170,-0.307907
509.372987,-0.090561,1.050507,-0.344131
509.383131,-0.108673,1.086731,-0.326019
509.393310,-0.144897,1.104843,-0.307907
509.402950,-0.181122,1.141068,-0.289795
509.413678,-0.199234,1.231628,-0.271683
509.422977,-0.253571,1.358414,-0.271683
509.433016,-0.253571,1.448975,-0.235458
509.443856,-0.253571,1.448975,-0.235458
509.453983,-0.253571,1.412750,-0.253571
509.464416,-0.217346,1.394638,-0.289795
509.474509,-0.181122,1.430862,-0.307907
509.484611,-0.144897,1.557648,-0.344131
509.494741,-0.090561,1.702545,-0.326019
509.504866,-0.072449,1.684433,-0.271683
509.514999,-0.181122,1.630096,-0.108673
509.525138,-0.398468,1.557648,-0.018112
509.535292,-0.362244,1.322189,0.072449
509.545418,-0.235458,1.177292,0.108673
509.555625,-0.054337,1.122955,0.108673
509.565776,0.072449,1.104843,0.054337
509.575884,0.126785,1.104843,-0.036224
509.586031,0.144897,1.122955,-0.108673
509.596149,0.163010,1.213516,-0.144897
509.606298,0.163010,1.304077,-0.199234
509.616436,0.126785,1.340302,-0.217346
509.626576,0.090561,1.285965,-0.271683
509.636721,0.054337,1.195404,-0.307907
509.646962,0.054337,1.141068,-0.326019
509.657073,0.144897,1.195404,-0.271683
509.667203,0.217346,1.195404,-0.217346
509.677319,0.235458,1.159180,-0.163010
509.687458,0.235458,1.159180,-0.072449
509.697616,0.344131,1.322189,0.235458
509.707739,0.271683,1.340302,0.344131
509.717878,0.181122,1.213516,0.416580
509.728087,0.108673,1.032394,0.434692
509.738165,-0.036224,0.941833,0.362244
509.748381,-0.163010,0.941833,0.126785
509.758510,-0.326019,1.068619,-0.362244
509.768649,-0.344131,1.249741,-0.706375
509.778774,-0.217346,1.141068,-0.633926
509.788910,-0.144897,0.978058,-0.525253
509.799058,0.018112,0.815048,-0.452805
509.809184,0.199234,0.742599,-0.307907
509.819338,0.289795,0.615814,-0.199234
509.829463,0.307907,0.470917,-0.217346
509.839608,0.289795,0.470917,-0.181122
509.849733,0.235458,0.525253,-0.163010
509.859938,0.163010,0.507141,-0.181122
509.870073,0.090561,0.579590,-0.271683
509.880209,0.000000,0.597702,-0.307907
509.890328,0.072449,0.543365,-0.344131
509.900020,0.199234,0.452805,-0.344131
509.909739,0.307907,0.362244,-0.380356
509.920005,0.380356,0.253571,-0.398468
509.929956,0.362244,0.181122,-0.452805
509.940799,0.307907,0.090561,-0.525253
509.950994,0.398468,-0.090561,-0.561478
509.961179,0.470917,-0.163010,-0.652039
509.971360,0.507141,-0.054337,-0.778824
509.981476,0.489029,0.090561,-0.905609
509.991609,0.525253,0.144897,-0.941833
510.001764,0.525253,0.163010,-0.941833
510.011907,0.470917,0.163010,-0.869385
510.022103,0.398468,0.144897,-0.579590
510.032232,0.380356,-0.072449,-0.470917
510.042362,0.470917,-0.036224,-0.923721
510.052508,0.633926,1.141068,-1.195404
510.062745,0.452805,2.227798,-1.648209
510.072911,0.126785,2.318359,-1.412750
510.082625,-0.018112,2.318359,-0.941833
510.094337,-0.054337,1.865555,-0.652039
510.104482,0.036224,1.086731,-0.362244
510.114601,0.090561,0.543365,-0.126785
510.124740,0.181122,0.289795,0.018112
510.134886,0.253571,0.217346,0.018112
510.145020,0.289795,0.181122,-0.036224
510.155163,0.289795,0.217346,-0.108673
510.165327,0.344131,0.253571,-0.235458
510.175461,0.398468,0.362244,-0.380356
510.185593,0.416580,0.706375,-0.470917
510.195737,0.344131,1.050507,-0.470917
510.205887,0.271683,1.485199,-0.344131
510.216024,0.217346,1.448975,-0.199234
510.226162,0.144897,1.412750,-0.163010
510.236312,0.036224,1.267853,-0.144897
510.246455,-0.054337,1.122955,-0.108673
510.256720,-0.126785,1.014282,-0.090561
510.266786,-0.181122,1.014282,-0.072449
510.276841,-0.181122,1.122955,-0.072449
510.286997,-0.199234,1.249741,-0.108673
510.297097,-0.217346,1.104843,-0.108673
510.307240,-0.271683,0.941833,-0.108673
510.317364,-0.271683,0.851273,-0.090561
510.327547,-0.289795,0.833160,-0.108673
510.337675,-0.289795,0.815048,-0.126785
510.347863,-0.289795,0.815048,-0.181122
510.357944,-0.289795,0.815048,-0.163010
510.368131,-0.307907,0.851273,-0.163010
510.378269,-0.199234,0.815048,-0.144897
510.388419,-0.163010,0.833160,-0.126785
510.398258,-0.126785,0.887497,-0.108673
510.408052,-0.090561,0.941833,-0.108673
510.419205,-0.036224,0.978058,-0.108673
510.428225,0.036224,1.014282,-0.126785
510.438837,0.108673,1.014282,-0.144897
510.448761,0.163010,0.978058,-0.181122
510.459202,0.217346,0.978058,-0.199234
510.468744,0.235458,0.978058,-0.199234
510.479448,0.199234,0.996170,-0.217346
510.489557,0.018112,0.959946,-0.217346
510.499684,-0.126785,0.978058,-0.217346
510.509818,-0.235458,1.032394,-0.181122
510.519958,-0.307907,1.104843,-0.144897
510.530099,-0.362244,1.141068,-0.126785
510.540226,-0.362244,1.141068,-0.108673
510.550393,-0.362244,1.141068,-0.199234
510.560526,-0.326019,1.394638,-0.235458
510.570737,-0.326019,1.521423,-0.253571
510.580860,-0.307907,1.575760,-0.253571
510.591014,-0.217346,1.611984,-0.253571
510.601155,-0.126785,1.702545,-0.235458
510.611307,-0.072449,1.756882,-0.199234
510.621445,-0.018112,1.684433,-0.181122
510.631591,-0.036224,1.539536,-0.181122
510.641737,-0.126785,1.503311,-0.144897
510.651879,-0.271683,1.521423,-0.108673
510.662077,-0.307907,1.467087,0.000000
510.672251,-0.271683,1.394638,0.108673
510.682395,-0.090561,1.304077,0.144897
510.692518,0.090561,1.195404,0.126785
510.702673,0.144897,1.141068,0.090561
510.712848,0.181122,1.195404,0.054337
510.722966,0.217346,1.304077,-0.054337
510.733112,0.289795,1.358414,-0.090561
510.743270,0.271683,1.322189,-0.163010
510.753397,0.181122,1.213516,-0.181122
510.763551,0.072449,1.086731,-0.235458
510.773761,0.090561,1.104843,-0.271683
510.783864,0.108673,1.122955,-0.307907
510.793944,0.163010,1.104843,-0.307907
510.804404,0.199234,1.068619,-0.307907
510.813942,0.181122,1.032394,-0.307907
510.824457,0.144897,0.978058,-0.271683
510.834672,0.126785,0.923721,-0.217346
510.844709,0.144897,0.959946,-0.090561
510.854838,0.090561,1.032394,0.072449
510.864978,0.054337,0.978058,0.072449
510.875179,0.036224,0.887497,0.072449
510.885321,-0.036224,0.815048,0.000000
510.895447,-0.072449,0.815048,-0.199234
510.905198,-0.271683,1.014282,-0.398468
510.915489,-0.271683,1.068619,-0.543365
510.925107,-0.126785,0.978058,-0.525253
510.935137,0.036224,0.941833,-0.344131
510.945958,0.144897,0.887497,-0.181122
510.956151,0.235458,0.796936,-0.090561
510.966485,0.271683,0.688263,-0.126785
510.976448,0.307907,0.525253,-0.181122
510.986562,0.362244,0.507141,-0.235458
510.996710,0.344131,0.489029,-0.380356
511.006847,0.307907,0.470917,-0.434692
511.016970,0.271683,0.525253,-0.416580
511.027109,0.289795,0.579590,-0.380356
511.037248,0.344131,0.579590,-0.326019
511.047365,0.344131,0.561478,-0.326019
511.057537,0.362244,0.489029,-0.434692
511.067667,0.362244,0.398468,-0.507141
511.077871,0.271683,0.398468,-0.597702
511.088010,0.289795,0.307907,-0.633926
511.098118,0.307907,0.181122,-0.615814
511.108261,0.326019,0.054337,-0.724487
511.118402,0.380356,-0.072449,-0.887497
511.128553,0.416580,-0.108673,-0.905609
511.138696,0.434692,-0.036224,-0.869385
511.148883,0.434692,0.072449,-0.815048
511.158970,0.416580,0.126785,-0.796936
511.169208,0.452805,0.199234,-0.851273
511.179310,0.416580,0.271683,-0.833160
511.189455,0.398468,0.307907,-0.615814
511.199582,0.416580,0.181122,-0.452805
511.209727,0.452805,0.036224,-0.742599
511.219851,0.561478,0.036224,-1.285965
511.229986,0.615814,0.760712,-1.376526
511.240145,0.452805,1.901779,-1.231628
511.250374,0.398468,2.318359,-1.014282
511.260466,0.579590,2.318359,-0.561478
511.270666,0.289795,1.213516,-0.072449
511.280943,0.235458,0.579590,0.181122
511.290380,0.199234,0.253571,0.108673
511.301008,0.144897,0.108673,-0.036224
511.311134,0.090561,0.090561,-0.090561
511.321274,0.072449,0.144897,-0.072449
511.331423,0.126785,0.199234,-0.054337
511.341552,0.199234,0.380356,-0.108673
511.351690,0.326019,0.706375,-0.181122
511.361851,0.543365,1.177292,-0.507141
511.372055,0.670151,1.593872,-0.760712
511.382260,0.543365,1.684433,-0.760712
511.392377,0.271683,1.448975,-0.597702
511.402031,0.054337,1.213516,-0.380356
511.412319,-0.054337,1.014282,-0.163010
511.421835,-0.126785,0.887497,-0.072449
511.431843,-0.199234,0.851273,-0.018112
511.442782,-0.326019,1.014282,0.072449
511.452943,-0.416580,1.231628,0.072449
511.463088,-0.452805,1.249741,0.108673
511.473320,-0.470917,1.086731,0.163010
511.483469,-0.470917,0.905609,0.181122
511.493578,-0.470917,0.796936,0.163010
511.503706,-0.489029,0.796936,0.181122
511.513840,-0.470917,0.760712,0.163010
511.523911,-0.416580,0.742599,0.108673
511.534247,-0.380356,0.706375,0.054337
511.544371,-0.235458,0.742599,-0.072449
511.554535,-0.199234,0.778824,-0.072449
511.564678,-0.199234,0.796936,-0.072449
511.574812,-0.181122,0.833160,-0.072449
511.585013,-0.163010,0.887497,-0.126785
511.595133,-0.108673,0.959946,-0.199234
511.605267,-0.018112,1.014282,-0.289795
511.615401,0.018112,0.959946,-0.307907
511.625540,-0.018112,0.887497,-0.289795
511.635707,-0.090561,0.887497,-0.307907
511.645823,-0.199234,0.905609,-0.307907
511.655968,-0.235458,0.996170,-0.235458
511.666116,-0.271683,1.086731,-0.199234
511.676295,-0.271683,1.231628,-0.144897
511.686466,-0.253571,1.340302,-0.126785
511.696590,-0.235458,1.430862,-0.126785
511.706719,-0.217346,1.503311,-0.144897
511.716864,-0.253571,1.539536,-0.144897
511.726971,-0.289795,1.539536,-0.181122
511.737153,-0.271683,1.539536,-0.217346
511.747267,-0.217346,1.557648,-0.235458
511.757432,-0.144897,1.630096,-0.271683
511.767574,-0.090561,1.702545,-0.253571
511.777718,-0.054337,1.467087,-0.344131
511.787893,-0.398468,1.485199,-0.307907
511.798053,-0.525253,1.557648,-0.181122
511.808173,-0.507141,1.485199,-0.090561
511.818304,-0.271683,1.340302,0.018112
511.828448,-0.072449,1.195404,0.054337
511.838573,0.072449,1.122955,0.090561
511.848715,0.126785,1.104843,0.072449
511.858864,0.163010,1.177292,0.036224
511.869010,0.217346,1.267853,-0.018112
511.879160,0.326019,1.394638,-0.036224
511.889333,0.362244,1.376526,-0.054337
511.898930,0.181122,1.159180,-0.090561
511.908700,0.018112,1.159180,-0.163010
511.919343,-0.054337,1.159180,-0.181122
511.928906,0.018112,1.141068,-0.217346
511.939680,0.126785,1.122955,-0.199234
511.949246,0.217346,1.050507,-0.126785
511.959896,0.235458,0.996170,-0.054337
511.969659,0.271683,0.996170,-0.036224
511.980247,0.271683,1.068619,-0.018112
511.990430,0.289795,1.141068,0.000000
512.000720,0.289795,1.141068,-0.036224
512.010875,0.235458,1.086731,-0.090561
512.021026,0.144897,1.032394,-0.181122
512.031262,0.108673,1.032394,-0.253571
512.041296,0.000000,1.068619,-0.380356
512.051466,-0.090561,1.086731,-0.525253
512.061609,-0.090561,1.086731,-0.579590
512.071754,-0.054337,1.050507,-0.579590
512.081914,0.036224,0.978058,-0.507141
512.092154,0.144897,0.887497,-0.398468
512.102359,0.253571,0.815048,-0.326019
512.112435,0.289795,0.760712,-0.253571
512.122578,0.307907,0.688263,-0.072449
512.132761,0.326019,0.724487,-0.036224
512.142877,0.289795,0.724487,-0.163010
512.153025,0.235458,0.706375,-0.380356
512.163162,0.217346,0.597702,-0.543365
512.173334,0.144897,0.489029,-0.615814
512.183460,0.072449,0.398468,-0.507141
512.193663,0.126785,0.362244,-0.434692
512.203800,0.235458,0.326019,-0.380356
512.213838,0.253571,0.362244,-0.362244
512.223912,0.253571,0.289795,-0.398468
512.234380,0.271683,0.181122,-0.434692
512.244383,0.253571,0.126785,-0.398468
512.254580,0.235458,0.108673,-0.344131
512.264404,0.217346,0.054337,-0.326019
512.275029,0.217346,0.036224,-0.362244
512.285045,0.181122,-0.036224,-0.380356
512.295214,0.144897,-0.108673,-0.416580
512.305328,0.199234,-0.199234,-0.470917
512.315435,0.253571,-0.217346,-0.561478
512.325570,0.326019,-0.199234,-0.615814
512.335712,0.326019,-0.181122,-0.742599
512.345844,0.380356,-0.163010,-0.869385
512.355997,0.398468,0.000000,-0.905609
512.366146,0.597702,0.144897,-0.923721
512.376297,0.760712,0.271683,-0.959946
512.386436,0.851273,0.380356,-1.086731
512.396607,0.887497,0.434692,-1.122955
512.406335,0.869385,0.507141,-1.122955
512.416367,0.742599,0.525253,-1.195404
512.426180,0.796936,0.344131,-1.285965
512.436216,0.652039,0.362244,-1.304077
512.447026,0.579590,0.416580,-1.358414
512.457236,0.923721,0.326019,-1.666321
512.467505,1.575760,0.688263,-2.064789
512.477597,1.738770,2.137238,-0.742599
512.487696,1.249741,1.122955,-0.489029
512.497843,0.941833,0.072449,0.072449
512.507951,0.706375,-0.615814,0.126785
512.518089,0.688263,-0.869385,-0.036224
512.528237,0.398468,-0.615814,-0.199234
512.538371,0.253571,0.000000,-0.489029
512.548500,-0.036224,0.815048,-0.706375
512.558632,0.036224,1.213516,-0.688263
512.568777,0.199234,1.267853,-0.507141
512.578924,0.380356,1.267853,-0.362244
512.589065,0.507141,1.213516,-0.344131
512.599246,0.543365,1.086731,-0.326019
512.609425,0.543365,0.923721,-0.253571
512.619540,0.489029,0.796936,-0.235458
512.629664,0.434692,0.760712,-0.181122
512.639800,0.344131,0.760712,-0.144897
512.649932,0.217346,0.778824,-0.144897
512.660083,0.054337,0.796936,-0.181122
512.670314,-0.018112,0.778824,-0.181122
512.680356,-0.036224,0.760712,-0.217346
512.690500,0.036224,0.796936,-0.235458
512.700712,0.090561,0.851273,-0.271683
512.710846,0.181122,0.923721,-0.307907
512.720992,0.271683,0.996170,-0.326019
512.731132,0.344131,1.050507,-0.344131
512.741272,0.398468,1.104843,-0.380356
512.751475,0.434692,1.141068,-0.380356
512.761573,0.380356,1.122955,-0.362244
512.771715,0.271683,1.068619,-0.326019
512.781811,0.217346,1.104843,-0.326019
512.792217,0.163010,1.104843,-0.271683
512.802426,0.108673,1.032394,-0.235458
512.812464,0.108673,0.941833,-0.144897
512.822605,0.054337,0.887497,-0.018112
512.832747,-0.072449,0.923721,-0.036224
512.842844,-0.181122,1.068619,0.036224
512.853057,-0.253571,1.249741,0.108673
512.863168,-0.326019,1.231628,0.235458
512.873348,-0.344131,1.050507,0.307907
512.883463,-0.344131,0.833160,0.362244
512.893603,-0.326019,0.688263,0.398468
512.903308,-0.235458,0.633926,0.362244
512.914001,-0.144897,0.652039,0.344131
512.923272,0.036224,0.706375,0.144897
512.933317,0.181122,0.760712,-0.036224
512.944260,0.144897,0.869385,-0.072449
512.954440,0.090561,0.923721,-0.090561
512.964649,0.018112,0.905609,-0.199234
512.974758,-0.108673,0.905609,-0.289795
512.984878,-0.181122,0.869385,-0.326019
512.995000,-0.271683,0.887497,-0.126785
513.005193,-0.326019,0.923721,-0.018112
513.015305,-0.307907,0.941833,0.090561
513.025450,-0.271683,0.941833,0.163010
513.035729,-0.217346,0.996170,0.181122
513.045725,-0.108673,1.014282,0.144897
513.055856,-0.054337,0.959946,0.054337
513.066002,-0.072449,0.941833,-0.090561
513.076133,-0.090561,1.014282,-0.181122
513.086274,-0.090561,1.141068,-0.199234
513.096430,-0.126785,1.249741,-0.199234
513.106615,-0.163010,1.322189,-0.163010
513.116760,-0.181122,1.322189,-0.126785
513.126881,-0.217346,1.285965,-0.090561
513.137034,-0.271683,1.249741,-0.072449
513.147156,-0.326019,1.177292,-0.036224
513.157300,-0.362244,1.086731,-0.054337
513.167434,-0.362244,1.032394,-0.036224
513.177567,-0.434692,1.213516,-0.036224
513.187730,-0.525253,1.485199,0.054337
513.197864,-0.633926,1.648209,0.199234
513.208061,-0.652039,1.630096,0.326019
513.218185,-0.543365,1.611984,0.362244
513.228418,-0.307907,1.684433,0.362244
513.238478,0.054337,1.503311,0.217346
513.248606,0.289795,1.322189,0.054337
513.258744,0.344131,1.177292,-0.018112
513.268903,0.380356,1.068619,-0.018112
513.279044,0.362244,1.141068,-0.054337
513.289239,0.416580,1.285965,-0.054337
513.299356,0.398468,1.412750,-0.054337
513.309537,0.380356,1.539536,-0.054337
513.319667,0.380356,1.575760,-0.036224
513.329792,0.398468,1.593872,0.018112
513.339926,0.470917,1.630096,0.144897
513.350066,0.543365,1.485199,0.163010
513.360210,0.561478,1.358414,0.253571
513.370367,0.507141,1.213516,0.253571
513.380495,0.398468,1.122955,0.416580
513.390633,0.253571,1.014282,0.380356
513.400309,0.144897,0.959946,0.253571
513.410042,0.126785,0.905609,0.108673
513.420302,0.090561,0.833160,-0.018112
513.430255,0.090561,0.833160,-0.108673
513.441116,0.072449,0.851273,-0.217346
513.451282,0.108673,0.959946,-0.362244
513.461429,0.126785,1.141068,-0.489029
513.471270,0.217346,1.177292,-0.615814
513.481767,0.326019,1.122955,-0.597702
513.491883,0.434692,1.032394,-0.670151
513.502074,0.398468,1.086731,-0.489029
513.512282,0.253571,0.996170,-0.307907
513.522395,0.144897,0.959946,-0.072449
513.532540,-0.054337,0.742599,-0.036224
513.542689,-0.036224,0.579590,-0.072449
513.552941,0.054337,0.398468,-0.235458
513.562984,0.163010,0.344131,-0.398468
513.573144,0.253571,0.289795,-0.470917
513.583322,0.326019,0.271683,-0.561478
513.593445,0.380356,0.235458,-0.652039
513.603635,0.416580,0.217346,-0.670151
513.613777,0.344131,0.163010,-0.652039
513.623876,0.326019,0.090561,-0.597702
513.633919,0.289795,0.072449,-0.597702
513.644250,0.235458,0.090561,-0.561478
513.654395,0.271683,0.072449,-0.507141
513.664522,0.289795,0.090561,-0.507141
513.674659,0.344131,0.108673,-0.525253
513.684810,0.416580,0.144897,-0.597702
513.694965,0.470917,0.271683,-0.760712
513.705102,0.597702,0.380356,-0.796936
513.715295,0.652039,0.434692,-0.778824
513.725420,0.724487,0.434692,-0.742599
513.735566,0.760712,0.398468,-0.724487
513.745689,0.833160,0.326019,-0.833160
513.755939,0.887497,0.307907,-0.887497
513.765974,0.869385,0.307907,-0.796936
513.776101,0.778824,0.362244,-0.633926
513.785699,0.670151,0.398468,-0.507141
513.796547,0.742599,0.344131,-0.489029
513.805976,0.833160,0.326019,-0.633926
513.816886,1.014282,0.380356,-0.941833
513.826974,1.231628,0.525253,-1.249741
513.837193,1.756882,0.760712,-1.485199
513.847206,1.847443,1.086731,-1.593872
513.857385,1.630096,1.141068,-1.394638
513.867530,1.322189,0.652039,-0.597702
513.877660,0.724487,-0.579590,0.253571
513.887800,0.633926,-0.561478,0.307907
513.897822,0.416580,-0.108673,-0.144897
513.907472,0.235458,0.362244,-0.416580
513.917780,0.380356,0.706375,-0.543365
513.927559,0.507141,0.996170,-0.688263
513.937597,0.398468,1.104843,-0.815048
513.948154,0.398468,1.068619,-0.869385
513.958605,0.507141,0.996170,-0.796936
513.968852,0.633926,0.905609,-0.652039
513.979143,0.670151,0.887497,-0.470917
513.989247,0.561478,0.905609,-0.380356
513.999374,0.434692,0.978058,-0.289795
514.009499,0.271683,1.032394,-0.217346
514.019693,0.126785,1.032394,-0.163010
514.029810,-0.054337,1.032394,-0.163010
514.039943,-0.126785,1.014282,-0.253571
514.050074,-0.181122,0.959946,-0.271683
514.060204,-0.144897,0.996170,-0.362244
514.070343,-0.108673,1.032394,-0.380356
514.080484,-0.072449,1.068619,-0.380356
514.090638,-0.054337,1.086731,-0.326019
514.100778,-0.036224,1.086731,-0.289795
514.110934,-0.018112,1.104843,-0.217346
514.121141,0.036224,1.086731,-0.217346
514.131275,0.090561,1.032394,-0.199234
514.141416,0.090561,0.941833,-0.217346
514.151553,0.072449,0.851273,-0.271683
514.161700,0.072449,0.796936,-0.235458
514.171838,0.108673,0.796936,-0.217346
514.182035,0.090561,0.796936,-0.163010
514.192178,0.144897,0.778824,-0.144897
514.202360,0.163010,0.796936,-0.144897
514.212503,0.163010,0.851273,-0.181122
514.222689,0.018112,0.996170,-0.253571
514.232855,-0.072449,1.122955,-0.289795
514.242989,-0.108673,1.159180,-0.344131
514.253180,-0.108673,1.195404,-0.362244
514.263295,-0.144897,1.177292,-0.380356
514.273423,-0.181122,1.104843,-0.380356
514.283566,-0.217346,0.959946,-0.398468
514.293730,-0.253571,0.851273,-0.416580
514.303784,-0.307907,0.796936,-0.362244
514.313853,-0.344131,0.778824,-0.289795
514.323993,-0.362244,0.760712,-0.217346
514.334289,-0.344131,0.778824,-0.181122
514.344408,-0.271683,0.796936,-0.181122
514.354648,-0.181122,0.851273,-0.199234
514.364697,-0.072449,0.905609,-0.235458
514.374841,-0.018112,0.959946,-0.253571
514.384978,0.054337,1.014282,-0.289795
514.395116,0.126785,1.213516,-0.307907
514.404849,0.144897,1.340302,-0.307907
514.415153,0.144897,1.430862,-0.344131
514.424787,0.126785,1.503311,-0.307907
514.434824,0.054337,1.539536,-0.326019
514.445646,0.018112,1.575760,-0.307907
514.455823,0.018112,1.648209,-0.271683
514.466069,-0.036224,1.648209,-0.217346
514.476170,-0.126785,1.521423,-0.199234
514.486279,-0.217346,1.394638,-0.144897
514.496414,-0.271683,1.358414,-0.072449
514.506552,-0.289795,1.467087,0.018112
514.516701,-0.271683,1.539536,0.090561
514.526886,-0.108673,1.503311,0.126785
514.537012,-0.018112,1.430862,0.144897
514.547143,0.072449,1.358414,0.126785
514.557284,0.108673,1.304077,0.144897
514.567415,0.144897,1.249741,0.090561
514.577566,0.144897,1.340302,0.036224
514.587697,0.054337,1.376526,-0.054337
514.597826,-0.054337,1.430862,-0.144897
514.607986,-0.036224,1.485199,-0.199234
514.618129,0.126785,1.485199,-0.181122
514.628310,0.307907,1.394638,-0.126785
514.638443,0.380356,1.304077,-0.072449
514.648625,0.362244,1.195404,0.018112
514.658747,0.307907,1.159180,0.090561
514.668855,0.253571,1.122955,0.144897
514.679005,0.181122,1.032394,0.217346
514.689146,0.144897,0.941833,0.271683
514.699279,0.090561,0.996170,0.380356
514.709425,0.036224,0.978058,0.362244
514.719563,-0.072449,1.086731,-0.199234
514.729771,-0.235458,1.394638,-1.213516
514.739903,-0.072449,1.340302,-0.489029
514.750029,0.018112,0.978058,-0.235458
514.760183,0.126785,0.688263,-0.144897
514.770318,0.217346,0.597702,-0.126785
514.780448,0.289795,0.525253,-0.181122
514.790659,0.253571,0.525253,-0.126785
514.800790,0.199234,0.561478,-0.054337
514.810431,0.144897,0.597702,0.036224
514.821141,0.108673,0.706375,-0.072449
514.831284,0.090561,0.688263,-0.163010
514.841423,0.036224,0.615814,-0.181122
514.851564,-0.036224,0.561478,-0.181122
514.861702,0.018112,0.434692,-0.253571
514.871862,0.108673,0.362244,-0.289795
514.882038,0.199234,0.253571,-0.307907
514.892182,0.307907,0.108673,-0.326019
514.901834,0.398468,-0.036224,-0.452805
514.911517,0.362244,-0.181122,-0.615814
514.921732,0.307907,-0.126785,-0.760712
514.931689,0.235458,-0.072449,-0.815048
514.942629,0.235458,0.000000,-0.905609
514.952835,0.289795,0.054337,-0.941833
514.962939,0.380356,0.108673,-0.923721
514.972758,0.416580,0.163010,-0.833160
514.983310,0.434692,0.163010,-0.670151
514.993419,0.470917,0.126785,-0.507141
515.003557,0.615814,-0.018112,-0.796936
515.013684,0.869385,0.199234,-1.159180
515.023847,1.086731,0.959946,-1.376526
515.033982,0.887497,1.956116,-1.304077
515.044285,0.633926,2.318359,-1.159180
515.054506,0.452805,2.318359,-0.688263
515.064578,0.271683,1.340302,-0.525253
515.074726,0.144897,0.670151,-0.452805
515.084863,0.072449,0.362244,-0.289795
515.094973,0.108673,0.307907,-0.090561
515.105126,0.126785,0.398468,-0.163010
515.115270,0.108673,0.507141,-0.362244
515.125411,0.072449,0.796936,-0.543365
515.135616,0.090561,1.177292,-0.615814
515.145739,0.108673,1.467087,-0.597702
515.155954,0.144897,1.575760,-0.452805
515.166026,0.144897,1.539536,-0.307907
515.176144,0.144897,1.358414,-0.163010
515.186287,0.144897,1.141068,-0.072449
515.196428,0.108673,0.959946,-0.036224
515.206573,0.072449,0.833160,-0.054337
515.216716,0.054337,0.778824,-0.108673
515.226851,0.018112,0.742599,-0.181122
515.237181,0.018112,0.760712,-0.235458
515.247179,0.036224,0.796936,-0.271683
515.257324,0.072449,0.851273,-0.307907
515.267451,0.108673,0.923721,-0.326019
515.277602,0.054337,0.996170,-0.344131
515.287738,-0.018112,1.177292,-0.380356
515.297867,-0.126785,1.249741,-0.344131
515.308031,-0.235458,1.141068,-0.253571
515.318158,-0.344131,1.050507,-0.144897
515.328361,-0.380356,0.923721,-0.090561
515.338530,-0.380356,0.796936,-0.036224
515.348652,-0.380356,0.706375,-0.054337
515.358785,-0.362244,0.670151,-0.090561
515.369138,-0.307907,0.670151,-0.144897
515.379321,-0.217346,0.778824,-0.181122
515.389350,-0.126785,0.887497,-0.235458
515.398808,-0.054337,0.941833,-0.271683
515.408566,0.036224,0.978058,-0.289795
515.419254,0.090561,0.978058,-0.289795
515.428774,0.090561,0.941833,-0.326019
515.439597,0.036224,0.978058,-0.362244
515.449142,-0.090561,1.122955,-0.398468
515.459805,-0.126785,1.195404,-0.416580
515.469937,-0.181122,1.249741,-0.398468
515.480137,-0.181122,1.213516,-0.398468
515.490253,-0.163010,1.177292,-0.362244
515.500375,-0.126785,1.122955,-0.326019
515.510528,-0.054337,1.104843,-0.307907
515.520659,0.036224,1.195404,-0.307907
515.530802,0.072449,1.267853,-0.271683
515.541020,0.054337,1.430862,-0.217346
515.551152,0.036224,1.720657,-0.181122
515.561285,-0.054337,1.919891,-0.163010
515.571432,-0.253571,1.756882,-0.126785
515.581568,-0.434692,1.630096,-0.072449
515.591726,-0.434692,1.521423,0.054337
515.601877,-0.344131,1.394638,0.163010
515.612075,-0.054337,1.448975,0.181122
515.622238,0.108673,1.358414,0.108673
515.632361,0.307907,1.340302,0.018112
515.642528,0.452805,1.448975,-0.090561
515.652661,0.688263,1.503311,-0.126785
515.662809,0.470917,1.213516,-0.181122
515.672920,0.253571,1.322189,-0.307907
515.683080,0.090561,1.412750,-0.398468
515.693251,0.036224,1.376526,-0.452805
515.703392,0.072449,1.340302,-0.507141
515.713513,0.126785,1.340302,-0.561478
515.723666,0.144897,1.304077,-0.579590
515.733841,0.126785,1.285965,-0.579590
515.743970,0.108673,1.285965,-0.507141
515.754271,0.072449,1.358414,-0.380356
515.764444,0.054337,1.448975,-0.108673
515.774573,0.090561,1.304077,0.217346
515.784700,0.072449,1.104843,0.452805
515.794958,-0.018112,0.923721,0.380356
515.805563,-0.108673,0.959946,0.018112
515.815221,-0.181122,1.068619,-0.633926
515.825354,-0.036224,1.032394,-0.796936
515.835420,0.090561,0.869385,-0.633926
515.845632,0.181122,0.670151,-0.470917
515.855827,0.253571,0.507141,-0.217346
515.865896,0.289795,0.398468,-0.108673
515.876032,0.307907,0.326019,-0.181122
515.886177,0.326019,0.326019,-0.235458
515.896295,0.307907,0.434692,-0.217346
515.906090,0.344131,0.597702,-0.144897
515.916080,0.344131,0.652039,-0.108673
515.925909,0.253571,0.652039,-0.126785
515.935944,0.126785,0.615814,-0.181122
515.946783,0.018112,0.543365,-0.235458
515.957057,0.018112,0.398468,-0.307907
515.967084,0.054337,0.253571,-0.434692
515.977392,0.199234,-0.072449,-0.579590
515.987425,0.289795,-0.181122,-0.597702
515.997533,0.344131,-0.271683,-0.507141
516.007725,0.326019,-0.235458,-0.416580
516.017854,0.253571,-0.126785,-0.452805
516.027973,0.199234,-0.072449,-0.525253
516.038257,0.181122,0.000000,-0.633926
516.048296,0.163010,0.036224,-0.760712
516.058427,0.181122,0.054337,-0.796936
516.068580,0.253571,0.126785,-0.742599
516.078703,0.326019,0.108673,-0.633926
516.088843,0.470917,0.000000,-0.724487
516.098973,0.796936,0.072449,-1.122955
516.109129,1.267853,0.615814,-1.666321
516.119255,1.412750,1.865555,-2.209686
516.129504,0.670151,2.318359,-2.282135
516.139614,-0.108673,2.318359,-0.271683
516.149759,-0.126785,0.688263,-0.018112
516.159899,0.090561,0.108673,0.036224
516.170132,0.181122,-0.108673,-0.036224
516.180176,0.235458,-0.163010,-0.144897
516.190318,0.271683,-0.036224,-0.235458
516.200448,0.344131,0.163010,-0.362244
516.210597,0.344131,0.452805,-0.597702
516.220744,0.326019,0.869385,-0.652039
516.230885,0.326019,1.249741,-0.615814
516.241036,0.344131,1.448975,-0.525253
516.251226,0.326019,1.521423,-0.380356
516.261370,0.235458,1.394638,-0.235458
516.271510,0.144897,1.213516,-0.144897
516.281661,0.054337,1.068619,-0.090561
516.291800,-0.054337,0.996170,-0.126785
516.301951,-0.126785,0.941833,-0.181122
516.312147,-0.163010,0.905609,-0.217346
516.322297,-0.217346,0.941833,-0.217346
516.332433,-0.235458,1.122955,-0.217346
516.342570,-0.199234,1.249741,-0.217346
516.352865,-0.199234,1.086731,-0.181122
516.362898,-0.217346,0.959946,-0.163010
516.373047,-0.217346,0.923721,-0.126785
516.383157,-0.217346,0.923721,-0.090561
516.393313,-0.235458,0.905609,-0.108673
516.402994,-0.217346,0.887497,-0.126785
516.413715,-0.199234,0.869385,-0.126785
516.422974,-0.199234,0.851273,-0.144897
516.433005,-0.163010,0.869385,-0.126785
516.443849,-0.126785,0.887497,-0.126785
516.453986,-0.090561,0.887497,-0.090561
516.464397,-0.036224,0.923721,-0.090561
516.474148,0.018112,0.923721,-0.090561
516.484596,0.108673,0.905609,-0.090561
516.494705,0.144897,0.941833,-0.144897
516.504840,0.217346,0.978058,-0.181122
516.514974,0.144897,0.959946,-0.217346
516.525122,0.054337,0.941833,-0.253571
516.535263,-0.018112,0.923721,-0.289795
516.545405,-0.108673,0.959946,-0.326019
516.555618,-0.181122,0.978058,-0.362244
516.565761,-0.235458,1.014282,-0.380356
516.575878,-0.271683,1.050507,-0.398468
516.586003,-0.289795,1.032394,-0.434692
516.596138,-0.289795,1.014282,-0.470917
516.606283,-0.253571,1.032394,-0.489029
516.616423,-0.199234,1.086731,-0.489029
516.626563,-0.163010,1.177292,-0.452805
516.636697,-0.090561,1.267853,-0.416580
516.646845,-0.072449,1.448975,-0.344131
516.657103,-0.036224,1.702545,-0.289795
516.667181,-0.054337,1.901779,-0.217346
516.677311,-0.289795,1.756882,-0.163010
516.687499,-0.416580,1.684433,-0.054337
516.697637,-0.489029,1.593872,0.036224
516.707748,-0.470917,1.485199,0.126785
516.717887,-0.344131,1.394638,0.253571
516.728104,-0.018112,1.340302,0.307907
516.738180,0.181122,1.249741,0.271683
516.748311,0.253571,1.213516,0.181122
516.758619,0.253571,1.213516,0.054337
516.768681,0.235458,1.195404,-0.054337
516.778795,0.235458,1.231628,-0.126785
516.788922,0.235458,1.231628,-0.181122
516.799063,0.144897,1.195404,-0.235458
516.809193,0.054337,1.249741,-0.344131
516.819398,0.036224,1.249741,-0.434692
516.829527,0.054337,1.195404,-0.470917
516.839710,0.108673,1.159180,-0.525253
516.849835,0.090561,1.141068,-0.525253
516.860023,0.090561,1.141068,-0.470917
516.870161,0.090561,1.104843,-0.416580
516.880289,0.126785,1.068619,-0.271683
516.890415,0.217346,1.050507,-0.126785
516.900172,0.307907,1.104843,0.036224
516.909801,0.307907,1.213516,0.253571
516.920087,0.253571,1.159180,0.380356
516.929942,0.144897,0.959946,0.362244
516.941032,0.018112,0.869385,0.235458
516.951201,-0.108673,0.923721,-0.072449
516.961369,-0.217346,1.014282,-0.362244
516.971473,-0.217346,1.122955,-0.507141
516.981655,-0.181122,1.122955,-0.507141
516.991798,-0.090561,1.014282,-0.489029
517.001922,0.018112,0.941833,-0.470917
517.012118,0.144897,0.869385,-0.344131
517.022271,0.199234,0.724487,-0.199234
517.032384,0.181122,0.670151,-0.126785
517.042525,0.199234,0.652039,-0.144897
517.052675,0.181122,0.561478,-0.199234
517.062886,0.144897,0.525253,-0.235458
517.073021,0.144897,0.507141,-0.235458
517.083147,0.126785,0.489029,-0.271683
517.093316,0.163010,0.489029,-0.380356
517.103506,0.217346,0.470917,-0.434692
517.113593,0.253571,0.452805,-0.452805
517.123754,0.199234,0.489029,-0.416580
517.133826,0.217346,0.452805,-0.380356
517.143902,0.235458,0.362244,-0.398468
517.154230,0.199234,0.217346,-0.362244
517.164414,0.217346,0.054337,-0.398468
517.174563,0.217346,-0.054337,-0.452805
517.184685,0.253571,-0.072449,-0.489029
517.194854,0.344131,-0.018112,-0.470917
517.204970,0.416580,-0.018112,-0.579590
517.215106,0.452805,-0.090561,-0.742599
517.225249,0.434692,-0.108673,-0.905609
517.235384,0.416580,-0.054337,-1.014282
517.245541,0.416580,0.036224,-1.141068
517.255815,0.470917,0.072449,-1.430862
517.265870,0.652039,0.181122,-1.684433
517.276003,0.905609,0.597702,-1.593872
517.286122,1.104843,1.159180,-0.959946
517.296265,0.996170,1.539536,-0.887497
517.306404,0.688263,1.901779,-1.412750
517.316542,0.362244,2.064789,-0.959946
517.326728,0.344131,1.394638,-0.289795
517.336870,0.362244,0.652039,-0.199234
517.346984,0.326019,0.289795,-0.380356
517.357132,0.217346,0.163010,-0.452805
517.367315,0.235458,0.380356,-0.561478
517.377448,0.253571,0.724487,-0.706375
517.387582,0.271683,1.050507,-0.615814
517.397654,0.344131,1.322189,-0.489029
517.407241,0.434692,1.448975,-0.380356
517.417578,0.416580,1.376526,-0.326019
517.427337,0.326019,1.231628,-0.253571
517.437372,0.217346,1.050507,-0.217346
517.448336,0.163010,0.959946,-0.181122
517.458494,0.144897,0.941833,-0.199234
517.468705,0.090561,0.941833,-0.181122
517.478819,0.054337,0.959946,-0.199234
517.488863,0.018112,1.032394,-0.235458
517.498993,-0.018112,1.086731,-0.235458
517.509123,-0.018112,1.104843,-0.235458
517.519261,-0.036224,1.068619,-0.235458
517.529398,-0.054337,1.086731,-0.253571
517.539545,-0.072449,1.159180,-0.271683
517.549677,-0.090561,1.104843,-0.235458
517.559925,-0.144897,0.978058,-0.181122
517.570143,-0.181122,0.905609,-0.163010
517.580259,-0.163010,0.833160,-0.144897
517.590414,-0.181122,0.796936,-0.144897
517.600549,-0.181122,0.796936,-0.126785
517.610756,-0.199234,0.778824,-0.126785
517.620888,-0.199234,0.778824,-0.144897
517.631026,-0.181122,0.796936,-0.144897
517.641162,-0.181122,0.815048,-0.108673
517.651304,-0.199234,0.833160,-0.108673
517.661437,-0.199234,0.869385,-0.090561
517.671791,-0.181122,0.941833,-0.108673
517.681942,-0.126785,1.014282,-0.126785
517.692125,-0.054337,1.032394,-0.163010
517.702280,0.054337,0.996170,-0.271683
517.712400,0.199234,1.014282,-0.326019
517.722542,0.144897,1.032394,-0.398468
517.732724,0.036224,1.068619,-0.398468
517.742865,-0.108673,1.159180,-0.434692
517.752994,-0.217346,1.322189,-0.489029
517.763134,-0.307907,1.412750,-0.470917
517.773365,-0.380356,1.376526,-0.470917
517.783483,-0.380356,1.304077,-0.416580
517.793634,-0.380356,1.249741,-0.362244
517.803766,-0.344131,1.285965,-0.307907
517.813822,-0.253571,1.358414,-0.253571
517.823907,-0.126785,1.430862,-0.199234
517.834243,-0.018112,1.503311,-0.163010
517.844383,0.054337,1.630096,-0.163010
517.854517,0.144897,1.774994,-0.163010
517.864679,0.199234,1.684433,-0.181122
517.874856,0.199234,1.448975,-0.199234
517.884989,-0.108673,1.231628,-0.126785
517.895120,-0.199234,1.141068,-0.108673
517.904833,-0.181122,1.159180,-0.090561
517.915424,0.018112,1.177292,-0.054337
517.924775,0.144897,1.195404,-0.090561
517.934820,0.235458,1.213516,-0.072449
517.945634,0.271683,1.285965,-0.054337
517.955814,0.289795,1.358414,-0.054337
517.966045,0.289795,1.322189,-0.036224
517.976011,0.235458,1.195404,-0.090561
517.985619,0.072449,1.068619,-0.108673
517.996453,-0.036224,1.086731,-0.144897
518.006556,-0.036224,1.104843,-0.163010
518.016671,0.090561,1.122955,-0.163010
518.026804,0.126785,1.104843,-0.163010
518.036929,0.181122,1.104843,-0.126785
518.047073,0.163010,1.122955,-0.054337
518.057215,0.163010,1.159180,-0.108673
518.067360,0.072449,1.213516,-0.054337
518.077552,-0.018112,1.141068,-0.054337
518.087683,-0.072449,1.086731,-0.054337
518.097823,-0.090561,1.032394,-0.054337
518.107943,-0.090561,0.923721,-0.108673
518.118109,-0.054337,0.905609,-0.126785
518.128242,-0.036224,0.887497,-0.271683
518.138382,0.036224,0.905609,-0.470917
518.148528,0.163010,0.923721,-0.470917
518.158729,0.307907,0.941833,-0.344131
518.168799,0.344131,0.905609,-0.235458
518.179007,0.362244,0.796936,-0.181122
518.189125,0.416580,0.760712,-0.199234
518.199255,0.362244,0.724487,-0.271683
518.209402,0.253571,0.724487,-0.307907
518.219543,0.181122,0.670151,-0.253571
518.229682,0.181122,0.597702,-0.217346
518.239924,0.090561,0.579590,-0.344131
518.249954,0.072449,0.507141,-0.434692
518.260167,0.054337,0.398468,-0.398468
518.270260,0.126785,0.344131,-0.380356
518.280433,0.235458,0.326019,-0.362244
518.290625,0.289795,0.199234,-0.380356
518.300762,0.344131,0.108673,-0.416580
518.310901,0.398468,-0.018112,-0.507141
518.321034,0.434692,-0.126785,-0.597702
518.331179,0.416580,-0.181122,-0.706375
518.341340,0.416580,-0.199234,-0.851273
518.351485,0.489029,-0.126785,-0.869385
518.361624,0.507141,0.036224,-0.851273
518.371778,0.525253,0.108673,-0.815048
518.382027,0.525253,0.126785,-0.833160
518.392155,0.543365,0.090561,-0.796936
518.401771,0.597702,0.072449,-0.796936
518.411455,0.633926,0.923721,-1.503311
518.421671,0.362244,1.901779,-1.720657
518.431737,0.253571,2.318359,-1.195404
518.442576,0.416580,2.318359,-0.090561
518.452779,0.615814,1.575760,-0.090561
518.462897,0.470917,0.796936,-0.326019
518.472992,0.271683,0.416580,-0.344131
518.483227,0.163010,0.253571,-0.307907
518.493371,0.108673,0.235458,-0.307907
518.503487,0.108673,0.344131,-0.362244
518.513611,0.126785,0.525253,-0.362244
518.523763,0.126785,0.742599,-0.362244
518.533839,0.108673,0.978058,-0.380356
518.543906,0.144897,1.195404,-0.344131
518.554238,0.181122,1.376526,-0.289795
518.564378,0.181122,1.448975,-0.235458
518.574522,0.163010,1.376526,-0.217346
518.584732,0.054337,1.050507,-0.181122
518.594850,-0.018112,0.905609,-0.181122
518.604992,-0.090561,0.833160,-0.181122
518.615114,-0.126785,0.796936,-0.217346
518.625259,-0.126785,0.796936,-0.235458
518.635395,-0.144897,0.815048,-0.235458
518.645535,-0.126785,0.869385,-0.271683
518.655675,-0.108673,0.978058,-0.289795
518.665805,-0.072449,1.285965,-0.326019
518.675947,-0.090561,1.304077,-0.326019
518.686138,-0.144897,1.086731,-0.289795
518.696274,-0.181122,0.959946,-0.235458
518.706396,-0.217346,0.905609,-0.181122
518.716552,-0.235458,0.869385,-0.144897
518.726678,-0.235458,0.833160,-0.108673
518.736835,-0.271683,0.796936,-0.072449
518.746959,-0.271683,0.796936,-0.072449
518.757100,-0.271683,0.851273,-0.054337
518.767234,-0.235458,0.923721,-0.054337
518.777390,-0.144897,0.978058,-0.036224
518.787559,-0.072449,1.014282,-0.054337
518.797706,0.036224,1.014282,-0.054337
518.807846,0.108673,0.996170,-0.072449
518.817966,0.163010,0.978058,-0.126785
518.828108,0.199234,1.014282,-0.181122
518.838243,0.217346,0.996170,-0.181122
518.848395,0.217346,1.014282,-0.181122
518.858527,0.163010,1.032394,-0.199234
518.868678,-0.018112,1.068619,-0.217346
518.878816,-0.181122,1.195404,-0.217346
518.888998,-0.326019,1.304077,-0.217346
518.898555,-0.398468,1.358414,-0.217346
518.908338,-0.416580,1.358414,-0.235458
518.919173,-0.416580,1.340302,-0.253571
518.928613,-0.362244,1.340302,-0.326019
518.939549,-0.235458,1.358414,-0.326019
518.949130,-0.144897,1.448975,-0.326019
518.960066,-0.018112,1.648209,-0.271683
518.970189,0.072449,1.738770,-0.235458
518.980367,0.090561,1.611984,-0.199234
518.990547,-0.090561,1.448975,-0.163010
519.000660,-0.253571,1.430862,-0.090561
519.010809,-0.289795,1.376526,-0.018112
519.020946,-0.217346,1.285965,0.054337
519.031085,-0.036224,1.213516,0.072449
519.041354,0.108673,1.141068,0.036224
519.051488,0.181122,1.122955,-0.018112
519.061639,0.235458,1.122955,-0.054337
519.071780,0.362244,1.249741,-0.090561
519.081932,0.507141,1.358414,-0.144897
519.092189,0.434692,1.231628,-0.199234
519.102397,0.217346,1.231628,-0.344131
519.112450,0.036224,1.285965,-0.380356
519.122583,0.090561,1.267853,-0.380356
519.132764,0.163010,1.213516,-0.362244
519.142916,0.181122,1.177292,-0.307907
519.153040,0.181122,1.177292,-0.271683
519.163205,0.271683,1.177292,-0.217346
519.173352,0.362244,1.267853,-0.018112
519.183471,0.344131,1.394638,0.054337
519.193682,0.307907,1.412750,0.144897
519.203846,0.181122,1.358414,0.163010
519.213897,0.054337,1.340302,-0.163010
519.224262,-0.108673,1.485199,-0.742599
519.234392,-0.054337,1.412750,-0.941833
519.244532,0.036224,1.213516,-0.688263
519.254667,0.090561,1.032394,-0.344131
519.264810,0.181122,0.851273,-0.108673
519.274956,0.271683,0.470917,-0.126785
519.285085,0.398468,0.416580,-0.253571
519.295290,0.398468,0.452805,-0.235458
519.305418,0.398468,0.579590,-0.199234
519.315507,0.326019,0.652039,-0.217346
519.325887,0.217346,0.670151,-0.307907
519.336085,0.072449,0.633926,-0.344131
519.345947,-0.036224,0.561478,-0.344131
519.356149,-0.036224,0.470917,-0.307907
519.366569,-0.018112,0.326019,-0.199234
519.376636,0.054337,0.217346,-0.144897
519.386484,0.144897,0.108673,-0.181122
519.396732,0.181122,0.090561,-0.217346
519.406357,0.181122,0.072449,-0.289795
519.416755,0.090561,-0.036224,-0.307907
519.426446,0.054337,-0.090561,-0.326019
519.436484,-0.036224,-0.126785,-0.344131
519.447025,0.018112,-0.199234,-0.398468
519.458537,0.072449,-0.271683,-0.597702
519.467685,0.163010,-0.235458,-0.688263
519.477212,0.271683,-0.181122,-0.778824
519.486838,0.344131,-0.090561,-0.778824
519.497305,0.434692,-0.036224,-0.760712
519.507013,0.543365,0.054337,-0.778824
519.517115,0.615814,0.163010,-0.851273
519.527949,0.670151,0.271683,-1.032394
519.538113,0.796936,0.326019,-1.159180
519.548349,0.869385,0.380356,-1.177292
519.558373,0.941833,0.452805,-1.141068
519.568511,1.086731,0.489029,-1.213516
519.578656,1.412750,0.742599,-1.467087
519.588793,1.684433,1.322189,-1.430862
519.598997,1.684433,1.485199,-1.050507
519.609110,1.430862,1.195404,-1.086731
519.619239,0.959946,0.706375,-1.068619
519.629387,0.633926,0.126785,-0.271683
519.639558,0.996170,-0.941833,-0.525253
519.649710,0.923721,-0.380356,-0.434692
519.659832,0.434692,0.253571,-0.344131
519.670048,0.108673,0.869385,-0.815048
519.680111,0.090561,1.249741,-0.941833
519.690257,0.289795,1.285965,-0.742599
519.700451,0.489029,1.122955,-0.452805
519.710609,0.597702,0.905609,-0.344131
519.720747,0.597702,0.633926,-0.326019
519.730866,0.561478,0.470917,-0.289795
519.741022,0.597702,0.362244,-0.307907
519.751180,0.597702,0.344131,-0.326019
519.761419,0.579590,0.380356,-0.307907
519.771453,0.525253,0.489029,-0.289795
519.781608,0.380356,0.615814,-0.253571
519.791754,0.253571,0.742599,-0.217346
519.802010,0.108673,0.887497,-0.199234
519.812140,-0.108673,0.978058,-0.253571
519.822345,-0.108673,1.050507,-0.307907
519.832438,-0.072449,1.050507,-0.362244
519.842569,-0.018112,1.086731,-0.398468
519.852791,0.108673,1.086731,-0.380356
519.863042,0.144897,1.104843,-0.380356
519.873216,0.181122,1.086731,-0.380356
519.883353,0.217346,1.104843,-0.362244
519.893473,0.253571,1.086731,-0.326019
519.903170,0.271683,1.086731,-0.307907
519.913895,0.289795,1.068619,-0.271683
519.923251,0.289795,1.068619,-0.235458
519.933251,0.253571,0.996170,-0.181122
519.944255,0.217346,0.905609,-0.126785
519.954428,0.144897,0.869385,-0.108673
519.964625,0.126785,0.833160,-0.072449
519.974694,0.126785,0.778824,-0.217346
519.984895,0.072449,0.887497,-0.235458
519.995020,0.072449,0.959946,-0.235458
520.005191,0.036224,0.978058,-0.163010
520.015306,-0.036224,0.996170,-0.126785
520.025453,-0.144897,1.032394,-0.144897
520.035569,-0.181122,1.122955,-0.163010
520.045712,-0.253571,1.195404,-0.144897
520.055841,-0.253571,1.141068,-0.126785
520.065984,-0.271683,1.050507,0.036224
520.076123,-0.217346,0.959946,0.144897
520.086268,-0.144897,0.869385,0.144897
520.096403,-0.072449,0.833160,0.126785
520.106600,-0.018112,0.796936,0.090561
520.116736,0.018112,0.760712,0.036224
520.126874,0.018112,0.742599,-0.018112
520.137015,-0.036224,0.760712,-0.018112
520.147140,-0.090561,0.833160,-0.090561
520.157289,-0.108673,0.996170,-0.163010
520.167417,-0.090561,1.050507,-0.271683
520.177556,-0.126785,1.014282,-0.398468
520.187700,-0.217346,1.014282,-0.416580
520.197832,-0.326019,0.978058,-0.452805
520.208037,-0.398468,0.959946,-0.434692
520.218167,-0.452805,0.941833,-0.398468
520.228402,-0.452805,0.959946,-0.344131
520.238445,-0.416580,0.978058,-0.289795
520.248575,-0.380356,0.959946,-0.271683
520.258719,-0.362244,0.941833,-0.271683
520.268846,-0.326019,0.959946,-0.271683
520.278988,-0.307907,1.068619,-0.253571
520.289126,-0.253571,1.267853,-0.217346
520.299268,-0.217346,1.394638,-0.090561
520.309468,-0.108673,1.521423,-0.018112
520.319647,0.054337,1.611984,0.072449
520.329763,0.271683,1.412750,0.144897
520.339889,0.307907,1.249741,0.181122
520.350028,0.289795,1.159180,0.217346
520.360156,0.307907,1.285965,0.253571
520.370296,0.289795,1.412750,0.199234
520.380434,0.289795,1.539536,0.163010
520.390574,0.271683,1.702545,0.163010
520.400355,0.253571,1.883667,0.181122
520.409978,0.253571,1.992340,0.199234
520.420244,0.253571,2.046677,0.199234
520.430153,0.289795,1.883667,0.144897
520.441163,0.434692,1.702545,0.126785
520.451146,0.742599,1.611984,0.163010
520.461261,0.869385,1.503311,0.235458
520.471387,0.815048,1.521423,0.398468
520.481620,0.652039,1.503311,0.380356
520.491742,0.434692,1.376526,0.253571
520.501868,0.289795,1.249741,0.018112
520.512125,0.289795,0.941833,-0.072449
520.522266,0.217346,0.833160,-0.144897
520.532383,0.199234,0.724487,-0.253571
520.542608,0.199234,0.670151,-0.380356
520.552765,0.235458,0.688263,-0.470917
520.563158,0.271683,0.633926,-0.489029
520.573224,0.307907,0.470917,-0.561478
520.582521,0.271683,0.380356,-0.525253
520.592969,0.163010,0.416580,-0.507141
520.603402,0.090561,0.525253,-0.507141
520.613467,0.072449,0.652039,-0.561478
520.623596,0.090561,0.833160,-0.543365
520.633743,0.090561,0.941833,-0.489029
520.643855,0.090561,0.851273,-0.489029
520.653954,0.144897,0.688263,-0.543365
520.663994,0.126785,0.489029,-0.579590
520.674243,0.126785,0.326019,-0.615814
520.684381,0.163010,0.000000,-0.615814
520.694529,0.253571,-0.090561,-0.561478
520.704668,0.235458,-0.163010,-0.507141
520.714850,0.326019,-0.199234,-0.543365
520.724990,0.416580,-0.144897,-0.597702
520.735130,0.489029,0.000000,-0.561478
520.745269,0.470917,0.144897,-0.470917
520.755495,0.416580,0.235458,-0.452805
520.765563,0.380356,0.289795,-0.507141
520.775678,0.452805,0.344131,-0.579590
520.785833,0.597702,0.362244,-0.652039
520.795981,0.706375,0.362244,-0.760712
520.806105,0.688263,0.326019,-0.851273
520.816297,0.633926,0.271683,-0.887497
520.826433,0.597702,0.199234,-0.887497
520.836555,0.688263,0.144897,-0.833160
520.846677,0.742599,0.163010,-0.742599
520.856827,0.742599,0.271683,-0.652039
520.866967,0.869385,0.344131,-0.597702
520.877105,1.014282,0.362244,-0.597702
520.887241,1.104843,0.380356,-0.525253
520.897431,1.141068,0.398468,-0.543365
520.907184,1.322189,0.507141,-0.760712
520.917231,1.593872,0.688263,-1.195404
520.927015,1.865555,0.851273,-1.485199
520.937050,1.829330,0.923721,-1.267853
520.947996,1.285965,0.796936,-1.086731
520.958073,0.978058,0.344131,-1.014282
520.968179,0.778824,-0.217346,-0.108673
520.978320,0.923721,-0.670151,0.688263
520.988542,0.923721,-0.543365,0.507141
520.998634,0.525253,-0.163010,0.072449
521.008824,0.289795,0.199234,-0.181122
521.018986,0.452805,0.579590,-0.615814
521.029090,0.452805,1.104843,-0.978058
521.039216,0.470917,1.847443,-1.068619
521.049356,0.470917,1.847443,-0.778824
521.059483,0.489029,1.684433,-0.507141
521.069616,0.525253,1.448975,-0.289795
521.079781,0.489029,1.159180,-0.090561
521.089906,0.344131,0.923721,0.000000
521.100045,0.181122,0.760712,0.036224
521.110175,0.054337,0.724487,0.036224
521.120385,-0.072449,0.724487,0.054337
521.130516,-0.163010,0.796936,-0.018112
521.140671,-0.235458,0.923721,-0.108673
521.150808,-0.326019,1.050507,-0.235458
521.160973,-0.380356,1.141068,-0.380356
521.171197,-0.380356,1.159180,-0.434692
521.181250,-0.307907,1.122955,-0.416580
521.191405,-0.163010,1.032394,-0.326019
521.201550,-0.054337,0.923721,-0.235458
521.211708,0.072449,0.815048,-0.144897
521.221901,0.144897,0.778824,-0.126785
521.232069,0.181122,0.742599,-0.163010
521.242331,0.199234,0.724487,-0.199234
521.252363,0.181122,0.706375,-0.235458
521.262480,0.090561,0.742599,-0.307907
521.272637,0.018112,0.778824,-0.344131
521.282819,-0.054337,0.851273,-0.434692
521.292946,-0.090561,0.923721,-0.452805
521.303100,-0.108673,1.014282,-0.434692
521.313270,-0.126785,1.068619,-0.398468
521.323441,-0.090561,1.104843,-0.398468
521.333583,-0.054337,1.104843,-0.326019
521.343740,-0.054337,1.086731,-0.289795
521.353872,-0.036224,1.068619,-0.271683
521.363959,-0.036224,1.032394,-0.253571
521.373923,-0.054337,0.996170,-0.271683
521.384249,-0.090561,0.905609,-0.253571
521.394388,-0.144897,0.887497,-0.271683
521.404113,-0.126785,0.887497,-0.289795
521.414886,-0.108673,0.887497,-0.271683
521.424056,-0.054337,0.887497,-0.271683
521.434092,0.054337,0.959946,-0.326019
521.444923,0.144897,1.032394,-0.380356
521.455101,0.181122,1.068619,-0.434692
521.465337,0.163010,1.068619,-0.470917
521.475356,0.108673,1.050507,-0.470917
521.485566,0.018112,1.068619,-0.470917
521.495695,-0.054337,1.141068,-0.434692
521.505811,-0.090561,1.304077,-0.380356
521.515939,-0.126785,1.430862,-0.289795
521.526122,-0.144897,1.485199,-0.235458
521.536254,-0.108673,1.557648,-0.144897
521.546390,-0.108673,1.575760,-0.090561
521.556522,-0.163010,1.539536,0.018112
521.566387,-0.289795,1.557648,0.072449
521.577051,-0.271683,1.593872,0.163010
521.587045,-0.144897,1.575760,0.199234
521.597160,0.036224,1.503311,0.217346
521.607296,0.144897,1.394638,0.181122
521.617429,0.199234,1.304077,0.126785
521.627620,0.235458,1.231628,0.090561
521.637742,0.344131,1.231628,0.036224
521.647871,0.452805,1.213516,0.018112
521.657999,0.434692,1.159180,-0.036224
521.668131,0.307907,1.249741,-0.126785
521.678325,0.163010,1.358414,-0.235458
521.688455,0.072449,1.394638,-0.271683
521.698593,0.108673,1.430862,-0.289795
521.708718,0.163010,1.340302,-0.289795
521.718851,0.199234,1.231628,-0.235458
521.729081,0.199234,1.141068,-0.144897
521.739214,0.163010,1.086731,-0.090561
521.749350,0.181122,1.104843,-0.054337
521.759474,0.126785,1.159180,0.054337
521.769602,0.054337,1.159180,-0.018112
521.779757,-0.018112,1.141068,0.018112
521.789897,-0.126785,1.177292,-0.126785
521.800030,-0.235458,1.249741,-0.307907
521.810170,-0.253571,1.285965,-0.525253
521.820317,-0.126785,1.231628,-0.615814
521.830511,0.144897,1.122955,-0.507141
521.840647,0.344131,0.959946,-0.307907
521.850801,0.434692,0.778824,-0.108673
521.860942,0.416580,0.633926,0.090561
521.871072,0.416580,0.489029,0.163010
521.881221,0.380356,0.307907,0.108673
521.891372,0.326019,0.217346,-0.090561
